                                                   count         mean          std      min      max
algorithm             domain         problemgroup                                                   
fd1906-bjolp          blocksworld    p07              10    54.292000    93.260133     0.55   284.84
                                     p09               4    94.627500   121.627772     1.31   273.50
                                     p10               5   132.944000   152.287853     6.29   336.63
                                     p12               4   202.145000   177.466010    12.54   410.16
                                     p14               2   234.215000   261.113321    49.58   418.85
                      childsnack     p04              10   571.807000    37.427385   524.31   635.63
                      data-network   p02               7    79.684286   124.248831     1.00   304.55
                                     p04               3   241.056667   234.902990    14.11   483.18
                                     p06               2   238.600000   333.726116     2.62   474.58
                                     p16              10    45.085000   119.743947     0.80   382.26
                                     p17              10   113.136000   216.742376     1.89   688.81
                                     p18               9    33.947778    59.742928     1.07   189.46
                                     p19               8   269.777500   310.546041    14.15   716.45
                                     p20               6    95.368333   103.860907     1.47   249.00
                      depots         p01               9   139.283333   196.778098     1.98   491.88
                                     p02               4    39.775000    60.683809     1.13   130.16
                                     p09              10    86.010000    57.880089     5.12   176.37
                                     p10               9   162.826667   192.943756    12.01   624.74
                                     p11               5   201.768000   132.496500     9.55   362.68
                                     p16               9    69.594444    56.018621    11.54   177.77
                                     p17               7   332.707143   344.308093    35.68   875.73
                                     p18               3   758.406667   284.390048   433.24   960.71
                                     p25              10   168.481000   201.233286    10.87   662.45
                                     p26              10   206.879000   298.103705     3.16   907.02
                                     p27               3   425.626667   276.284199   148.05   700.60
                      driverlog      p15              10    19.640000    49.296736     0.51   157.50
                                     p17               7    33.985714    59.545240     0.75   160.67
                                     p18               6    88.288333    66.980727     6.68   174.49
                                     p20               2    65.695000    89.385368     2.49   128.90
                                     p21               3   106.933333   100.472716     4.19   204.97
                      elevators      p02              10    27.515000    37.917676     1.95   126.63
                                     p03              10   169.832000   212.828407    18.85   707.78
                                     p04               4   398.217500   142.326604   191.89   512.79
                                     p14              10   113.199000   187.310017     2.21   636.75
                                     p15              10    29.129000    36.840045     7.00   130.26
                                     p16               4   220.287500   117.629113    85.52   369.69
                                     p17               5   192.254000   141.817023    26.60   376.00
                                     p21               7   107.298571   129.068828    15.14   386.41
                                     p22               8   116.943750    99.372407    21.45   317.74
                                     p23               2   213.125000   290.076415     8.01   418.24
                                     p24               2    93.110000   129.881374     1.27   184.95
                      floortile      p13               5   311.752000   204.399230   123.86   547.22
                                     p24              10    52.066000    38.399578    16.67   125.20
                      grid           p01              10    36.970000    66.973349     0.86   214.04
                                     p03              10   135.058000   305.971824     0.75   993.12
                                     p05               8    26.418750    45.070589     1.21   130.56
                                     p07               6   124.461667   300.861601     0.98   738.59
                                     p08               5   167.406000   339.348357     0.98   773.49
                                     p09               6    60.428333   140.202592     1.08   346.56
                                     p10               5   113.414000   120.203730     1.25   292.48
                                     p11               2   446.645000   459.683047   121.60   771.69
                                     p12               3    51.200000    78.806136     1.29   142.05
                                     p15               9   107.226667   108.007546     1.40   337.91
                                     p16               8    76.410000    87.891285     0.73   243.72
                                     p17               7   326.150000   357.086328    18.11  1057.75
                                     p18               2   343.190000   315.567614   120.05   566.33
                                     p19               7   595.122857   494.239768     9.85  1124.99
                                     p22               5   514.586000   483.572884     1.33  1119.08
                                     p23               4   439.942500   261.323739    49.00   596.98
                                     p24               3   196.240000   134.473644    57.01   325.39
                                     p28               6   759.236667   636.793864    23.66  1714.00
                                     p29               8   388.587500   566.136751     4.30  1300.29
                                     p30               6   458.555000   683.055294     1.31  1754.60
                      logistics      p01               7   121.474286   127.894063     1.91   342.07
                                     p02               6    34.558333    66.605729     3.52   170.24
                                     p05               2   185.860000   144.787185    83.48   288.24
                                     p16              10   114.690000   153.973453     1.25   385.92
                                     p17               9    56.486667    82.479654     2.95   267.20
                                     p18               8    87.150000    91.639675     1.01   249.57
                                     p19               6   135.228333   120.316390    12.19   324.96
                                     p20               5   166.570000   124.400289    10.14   284.50
                                     p21               5   134.658000   110.604303    27.46   294.71
                                     p22               3   244.193333   194.907263    19.99   373.28
                                     p24               2   114.010000   131.352156    21.13   206.89
                      miconic-strips p03               8    55.717500   110.763738     0.95   317.21
                                     p04               9    60.800000    83.887820     0.60   206.39
                                     p06              10    77.309000   101.404305     0.70   275.14
                                     p07               6    42.713333    67.439397     0.82   175.06
                                     p08               9    89.234444   216.096017     0.74   656.16
                                     p09               7   108.697143   181.936298     0.81   417.44
                                     p10               7   212.482857   356.297857     1.00   944.60
                                     p11               6    72.191667   174.344075     0.96   428.07
                                     p20              10    24.528000    72.405447     0.63   230.57
                                     p23              10    26.844000    43.282318     0.63   126.63
                                     p24              10    27.075000    66.002829     0.60   213.40
                                     p25               9    49.438889    78.378856     0.72   245.46
                                     p26               9   199.243333   288.808868     0.70   708.15
                                     p27               8   132.201250   219.013532     0.76   524.86
                                     p28               8    94.941250   175.474574     1.21   521.55
                                     p29               5    61.374000    78.861490     0.96   198.73
                                     p30               7   166.704286    91.242834    26.66   253.26
                      nomystery      p02              10    59.381000    89.947005     3.63   289.07
                                     p03              10   238.915000   416.788490     2.92  1296.74
                                     p04              10   166.704000   347.542935     3.48  1137.98
                                     p05               9   274.901111   407.359742    16.19  1206.59
                                     p06              10   411.998000   257.992315     7.20   881.45
                                     p07               9    39.356667    45.447327     3.76   134.42
                                     p08               9   231.843333   334.447204     5.04  1011.44
                                     p09               8   377.125000   449.505894    11.72  1353.80
                                     p20              10    38.868000    45.903992     1.85   143.30
                                     p21              10    76.464000   124.301696     4.51   406.44
                                     p22              10    64.865000    60.231681     4.07   187.29
                                     p23               9    75.921111   117.916129     2.93   365.11
                                     p24              10   339.519000   445.166490    11.95  1357.34
                                     p25               8   430.512500   667.255885     9.73  1735.22
                                     p26               8   533.643750   502.346848    60.81  1295.70
                                     p27               7   357.750000   479.475852    29.84  1208.14
                                     p28               8   216.606250   280.943951     9.74   848.00
                                     p29               8   551.972500   619.379383     7.36  1577.90
                                     p30               6   621.053333   607.208531    21.87  1530.85
                      parking        p05              10    38.401000    55.034618     1.71   153.67
                                     p06               5   496.694000   596.182301     8.38  1408.22
                                     p07               2   164.345000   204.969043    19.41   309.28
                                     p14              10    64.755000   105.501805     4.77   306.23
                                     p15              10   436.103000   532.191848     9.52  1535.70
                                     p16               3   251.136667   204.756672    14.93   378.19
                                     p25              10    60.729000   132.876265     1.84   425.74
                                     p26              10   117.318000   156.583907     2.71   390.30
                                     p28               2   736.855000   199.524320   595.77   877.94
                      rover          p10               2   308.065000   374.519107    43.24   572.89
                                     p16               9    63.097778   162.493737     0.93   494.23
                                     p17               6   165.173333   195.458153     0.63   509.72
                                     p18               4   170.280000   195.868854     0.60   345.53
                                     p19               3   302.033333   273.632532     7.49   548.34
                                     p20               2   287.130000   399.614326     4.56   569.70
                                     p21               3   234.983333   350.898054     2.64   638.63
                                     p24               2   210.050000   293.619020     2.43   417.67
                                     p25               3   423.116667   647.427774     9.72  1169.25
                      snake          p02              10    47.534000    31.143345    21.69   126.30
                                     p03              10   281.073000   196.556830   113.16   792.12
                                     p04              10   670.713000   322.228724   149.23  1212.11
                                     p05              10   730.720000   400.686565   153.34  1352.25
                                     p13              10   103.164000    53.412741    64.66   237.76
                                     p14              10   104.345000    56.567372    34.28   189.43
                                     p15               9   749.990000   364.772522   300.00  1396.47
                                     p18              10   108.960000    63.617247    44.37   252.31
                                     p19              10   246.018000   125.853872    74.72   452.80
                                     p20               7  1080.615714   312.432784   516.49  1526.61
                                     p21               9  1242.760000   347.719036   674.22  1677.72
                                     p22               2  1444.810000   212.103750  1294.83  1594.79
                                     p26              10   158.481000    36.593875    96.34   209.84
                      storage        p09               9    36.350000    83.934934     0.75   257.94
                                     p10               7    32.214286    45.440119     0.88   128.43
                                     p11               7    39.042857    49.462416     0.90   104.85
                                     p12               3   138.276667   105.678224    19.85   222.97
                                     p17               3   726.903333   405.047750   314.66  1124.35
                                     p25              10   123.228000   105.648975     5.83   336.68
                      tpp            p05               9   199.705556   245.923635     2.72   730.75
                                     p06               3   349.206667   149.935051   199.20   499.07
                      transport      p04              10    79.782000    46.012346    20.55   153.26
                                     p05               5   747.048000   142.349959   538.96   868.22
                      visitall       p04              10    30.815000    66.309491     1.28   217.49
                                     p05               7    81.187143   149.357339     2.65   408.92
                                     p06               7    98.590000    89.557919     7.70   247.11
                                     p07               3   133.890000   136.679388    53.18   291.70
                                     p08               3   228.560000   112.589898   135.47   353.70
                                     p20              10    18.618000    30.659462     1.66   104.35
                                     p21               8    97.743750    94.387961    10.01   244.03
                                     p22               6   137.156667   115.283846     6.92   276.43
                      woodworking    p01               3   561.173333   399.512448   242.44  1009.36
                                     p11              10   250.417000   412.534940     1.39  1271.89
                                     p12               4   244.915000   121.435074    87.46   369.22
                                     p19               3   722.673333   395.759826   285.67  1056.92
                                     p23               3   458.466667   361.831946   205.99   873.00
                                     p24               3   509.350000   391.799474    60.57   783.28
                      zenotravel     p16              10    55.737000   115.721650     0.79   375.38
                                     p17               9    57.197778    85.651626     1.27   254.51
                                     p18               7   169.968571   143.200764     4.69   379.49
                                     p19               2   185.595000   187.560074    52.97   318.22
                                     p20               2   185.750000   255.817091     4.86   366.64
fd1906-blind          blocksworld    p06              10   133.514000    76.281171    20.75   282.75
                      childsnack     p04              10   326.221000    28.517320   297.23   398.10
                      data-network   p17               6   124.448333   133.556813     4.83   327.48
                                     p18               6    45.230000    55.499837     3.27   125.68
                                     p20               2    90.840000   125.256895     2.27   179.41
                      depots         p08              10   241.141000   165.403014     3.57   460.13
                                     p15              10   192.849000   155.339096     3.63   413.37
                                     p24               9   262.511111   155.042795     5.86   465.52
                      driverlog      p12              10   152.755000   178.606323     0.84   484.04
                                     p13               9    73.986667    86.131030     4.12   260.00
                                     p15               2   164.215000   227.879302     3.08   325.35
                      elevators      p03              10   147.497000   116.863730    36.28   389.23
                                     p14              10    63.705000    72.745430     1.99   249.88
                                     p15              10    61.786000    38.076459    16.39   142.42
                      grid           p01              10    62.464000    72.811216     1.47   220.63
                                     p02              10    73.689000    88.403550     0.73   255.09
                                     p03               7    72.460000    90.664001     0.75   243.21
                                     p04               7    32.761429    62.878777     0.79   173.48
                                     p05               7    50.155714    65.244706     5.52   187.93
                                     p06               5    97.872000    66.703114     1.57   167.46
                                     p09               5    32.238000    52.459284     1.16   122.63
                                     p15               4   169.562500   104.405814    45.53   257.98
                                     p16               3   132.846667   113.262210    12.43   237.25
                                     p22               2   109.390000   143.174981     8.15   210.63
                      logistics      p11               6   361.068333   211.683851    26.98   633.43
                      nomystery      p12              10    63.263000    40.199231    12.80   132.07
                                     p13              10   166.542000    59.009110    87.25   256.40
                      parking        p04              10   245.511000   160.345606    11.33   488.85
                                     p12              10    68.349000    40.636330    17.22   124.94
                      rover          p10               2   527.175000   611.216031    94.98   959.37
                                     p14               9    31.874444    72.227719     0.59   221.32
                                     p15               9   111.317778   168.458865     0.56   495.94
                                     p16               7    46.887143    50.850148     1.53   127.41
                                     p17               3   101.610000   146.026781     0.87   269.08
                                     p21               2   118.685000   148.004520    14.03   223.34
                      satellite      p04              10    62.823000    56.664975     5.03   151.87
                                     p05              10    89.477000    99.046971    15.04   343.54
                                     p06              10   131.462000    80.899827    25.01   295.90
                                     p07               9   297.090000   190.311114    58.95   686.59
                                     p08               8   404.340000   215.628354   227.44   838.37
                      snake          p03              10   218.053000   140.034164    98.78   584.43
                                     p04               7   412.315714   168.272445   127.45   631.95
                                     p05               7   425.855714   169.371015   110.53   646.18
                                     p13              10    81.268000    34.848968    46.85   164.80
                                     p14              10    94.294000    45.599798    35.90   177.84
                                     p15               4   411.775000   165.523889   267.01   601.21
                                     p18              10    81.118000    38.983551    32.85   172.31
                                     p19              10   168.351000    70.062054    70.63   280.10
                                     p21               2   522.805000    84.308342   463.19   582.42
                      storage        p16              10    94.957000    38.913032    40.58   154.00
                      tpp            p05               8   122.930000   140.936994     1.25   361.35
                      transport      p05               7   330.814286   104.626106   192.94   458.02
                      visitall       p01               9    38.936667    50.271303     1.33   157.91
                                     p02               8    55.351250    61.059722     6.33   180.18
                                     p03               7    56.990000    76.067289     5.70   217.40
                                     p04               6   115.530000    65.045643     9.20   184.88
                                     p05               4   116.192500    96.403686    21.52   228.96
                                     p18              10    76.028000    66.968344    12.28   181.69
                                     p19               9    91.164444    62.417740    18.11   209.70
                                     p20               4   133.325000    69.307884    59.07   212.44
                      woodworking    p10               9   149.431111   188.191977     1.95   552.33
                      zenotravel     p14               6    96.663333   130.104674     2.14   335.08
                                     p15               3    67.506667    87.480444     3.61   167.21
fd1906-fdss1-mas1-60s blocksworld    p09               8    72.008750    89.021970     1.03   230.03
                                     p10               6    88.233333    95.090877     6.69   204.25
                                     p12               4    54.132500    59.696869     2.35   137.37
                      data-network   p02               6   123.038333   167.385353     5.42   424.55
                                     p03               7    56.665714   100.913024     7.91   284.55
                                     p17               9   113.390000   168.458677     3.94   482.90
                                     p19               2   288.550000   132.144115   195.11   381.99
                      depots         p01               7   122.628571   153.459706     4.28   385.46
                                     p09               7    61.195714    38.031256    16.29   133.49
                                     p10               4   172.012500   116.678916    14.29   296.11
                                     p16              10   121.609000    76.891611     6.91   255.05
                                     p17               6   154.218333   122.236937     7.98   357.77
                                     p25              10   111.820000    69.910129    19.54   221.19
                      driverlog      p20               5    99.202000    61.701673     1.53   149.80
                                     p23               3    97.416667    53.455694    57.42   158.13
                      elevators      p03              10   131.559000    39.318713    83.88   188.03
                                     p04              10   163.044000    73.035526   101.14   357.12
                                     p05               9   188.365556    68.911732   109.22   318.26
                      floortile      p13              10    83.125000    54.350240    16.33   193.73
                                     p14               3   278.030000    60.638345   208.86   322.03
                                     p25               5   148.130000    70.255133    90.90   249.83
                      grid           p03              10    48.289000    69.287821     0.86   196.97
                                     p05               8    25.260000    39.791313     1.69   118.82
                                     p10               4    65.512500    55.420132     1.80   118.79
                                     p12               3    45.530000    65.786729     2.30   121.24
                                     p15               9    66.538889    40.461222    18.20   139.58
                                     p16               8    70.270000    39.541151    31.58   153.24
                                     p23               4   163.755000    88.755467    49.91   236.41
                                     p28               3   120.550000   100.407673    25.31   225.43
                                     p30               4   102.955000    75.131247    38.23   211.51
                      logistics      p13               2    77.725000    93.670435    11.49   143.96
                      nomystery      p01               5    77.722000    44.526290    15.30   136.35
                                     p17              10    56.299000    46.398306     6.92   150.28
                                     p18               5    92.690000    72.110234     7.37   175.62
                      rover          p10               2   329.470000   397.323300    48.52   610.42
                                     p15               9    56.492222    88.430446     0.54   267.03
                                     p16               8    71.095000   139.938285     1.37   413.12
                                     p17               4   220.585000   321.897901     0.67   687.63
                                     p21               2    59.625000    75.469507     6.26   112.99
                                     p24               2   346.895000   481.419510     6.48   687.31
                      satellite      p04              10    53.534000    47.996437     4.67   129.00
                                     p05              10    75.775000    83.781961    13.88   295.83
                                     p06              10   124.191000    83.904703    26.23   314.71
                                     p07               9   288.603333   193.183405    55.84   708.11
                                     p08               8   380.647500   208.255127   190.22   812.09
                      snake          p03              10   341.684000   151.522824   200.21   723.73
                                     p04               7   599.785714   197.536746   259.16   815.68
                                     p05               7   607.624286   178.398709   278.27   855.58
                                     p13              10   182.224000    38.655347   139.61   268.37
                                     p14              10   208.903000    55.426777   149.50   327.79
                                     p15               4   502.407500   169.080088   356.61   693.20
                                     p18              10   172.939000    40.531436   119.74   264.33
                                     p19              10   268.423000    84.183265   147.07   397.10
                                     p21               2   688.535000    94.518963   621.70   755.37
                      storage        p07               8    69.396250    92.648234     1.96   221.43
                                     p08               3   124.383333   112.318187    16.67   240.80
                                     p17               3   190.130000    90.188892    96.16   275.99
                                     p24               8   175.580000    58.948580    30.27   206.18
                      tpp            p05               9   105.652222   119.706396     1.78   337.30
                      transport      p05               7   319.267143   105.899053   199.45   485.79
                      visitall       p04              10    16.267000    30.430366     0.73   102.15
                                     p05               8    40.026250    44.975885     2.47   112.48
                                     p08               3   167.003333    79.359191    97.20   253.32
                                     p21              10    39.767000    49.191176     1.19   148.35
                                     p22              10    52.768000    92.328102     1.89   269.86
                                     p23               7    98.221429    97.339733     0.83   254.75
                                     p24               4    61.892500    55.235654     4.22   119.96
                      woodworking    p01               2   187.425000    84.110352   127.95   246.90
                                     p12               4    87.032500    71.502976    33.83   187.25
                                     p19               5   112.328000    73.001934    57.23   239.63
                                     p23               8    84.626250   100.639517    15.85   278.05
                      zenotravel     p16              10    33.962000    68.656914     0.79   223.48
                                     p18               4    80.380000    86.042410    18.16   201.88
fd1906-fdss1-mas2-60s blocksworld    p07               3   153.340000   159.011695    61.04   336.95
                                     p08               4   196.812500    76.811238    81.83   239.59
                                     p09               8   116.126250   112.898669    22.67   337.32
                                     p10               6   137.353333   102.272703    34.83   278.01
                      childsnack     p13              10   135.214000    34.022641   107.23   221.87
                      data-network   p02               6   132.223333   156.906809    28.08   404.47
                                     p03               7    55.547143   103.295702    11.67   289.57
                                     p17               9    85.272222   106.945851     7.30   273.20
                                     p18               7    76.600000   116.914499    14.52   334.96
                                     p19               6   126.211667   119.948728    28.17   334.79
                                     p21               2   254.840000    71.290506   204.43   305.25
                      depots         p01               5   143.448000   170.051825    23.40   438.07
                                     p09               2   208.325000   111.390531   129.56   287.09
                                     p10               4   193.410000   127.653132    20.30   328.22
                                     p16               5   330.644000   216.497277    45.29   549.86
                                     p17               4   228.752500   122.883648   130.06   404.26
                                     p25               6   196.076667    70.019164   140.04   319.86
                      driverlog      p19               9    70.225556    57.844189    38.10   222.09
                                     p23               6    89.598333    39.853049    60.70   166.09
                      elevators      p05               8    59.633750    66.318439     8.02   211.52
                                     p14              10    74.828000    80.809389     4.68   280.85
                                     p15              10    72.404000    41.251426    23.74   154.49
                      floortile      p25               8   152.913750    87.234101    50.11   303.01
                      grid           p06              10    43.054000    81.384116     3.67   269.83
                                     p07               8    35.871250    76.305277     3.43   223.05
                                     p10               6    24.438333    45.224517     4.00   116.73
                                     p11               8   100.237500    74.908104     6.40   203.10
                                     p12               4    48.477500    78.635439     8.82   166.43
                                     p18               6    69.176667    87.616126     8.03   237.47
                                     p20               5    66.476000    67.298752     5.58   171.31
                                     p21               4   146.220000    76.745776    48.28   235.83
                                     p22               8    66.290000   101.581818     9.87   299.64
                                     p23               9    63.100000    66.778244     4.43   153.16
                                     p24               6    90.146667   106.284452     3.71   239.58
                                     p26               5    58.002000    68.957521     4.14   171.06
                                     p27               6    51.061667    73.707137     4.45   191.23
                                     p28              10    44.711000    53.120392     4.11   178.26
                      logistics      p15               2   195.610000   105.217489   121.21   270.01
                      miconic-strips p18               3   198.960000   147.078510    79.41   363.20
                      nomystery      p04              10    64.396000    61.657761    16.17   189.47
                                     p05              10    85.791000    68.903041    14.64   230.87
                                     p06               7    79.574286    71.767137    21.66   207.26
                                     p08               7    78.777143    67.489171    21.97   170.75
                                     p21              10    72.241000    66.321824    23.95   215.15
                                     p22               8    77.531250    55.963136    28.33   199.83
                                     p23               8    63.051250    43.484064    28.94   166.47
                                     p25               3   153.143333    54.388779    96.08   204.39
                                     p27               8    55.671250    45.969489    21.23   154.78
                                     p29               8    66.750000    61.555410    16.52   201.40
                                     p30               6    82.311667    64.513354    23.53   195.44
                      parking        p05               5   270.078000   138.819502    99.40   457.43
                                     p13               7   243.844286   116.550566    91.16   415.11
                      rover          p10               2    88.695000    94.533106    21.85   155.54
                                     p15              10    31.926000    64.440573     0.65   214.24
                                     p16               9    57.366667   133.697632     4.57   413.60
                                     p17               6   194.603333   208.967192     5.19   527.68
                                     p18               3   217.173333   369.009879     1.70   643.26
                                     p19               3   275.710000   236.385931    18.63   483.69
                                     p25               2   265.350000   344.643845    21.65   509.05
                      snake          p02              10   124.219000    28.679081    95.56   195.86
                                     p03              10   345.072000   155.586714   198.59   744.20
                                     p04               7   600.335714   186.992042   265.57   810.91
                                     p05               7   610.821429   197.007242   246.34   890.63
                                     p13              10   166.033000    40.410435   116.54   261.25
                                     p14              10   184.109000    50.028431   128.05   286.75
                                     p15               4   495.452500   150.054930   362.19   656.74
                                     p18              10   154.260000    44.331964   100.25   250.29
                                     p19              10   256.006000    79.059035   150.60   376.39
                      storage        p08               5    94.704000    91.105711    17.45   204.10
                                     p17               8    87.273750    68.507587    29.50   247.58
                                     p24               9   132.740000    43.059288    28.11   192.33
                      tpp            p05              10    30.327000    43.024332     1.28   149.34
                                     p06               8    73.808750    85.323165    10.49   229.34
                                     p08               2   164.520000   208.780348    16.89   312.15
                      transport      p05              10   212.782000   100.639887   104.21   392.12
                      visitall       p04              10    36.960000    53.444987     6.51   185.89
                                     p05               7    85.602857   122.742831     7.95   323.69
                                     p06               6    73.545000    80.984988    13.30   234.30
                                     p08               3   194.006667   137.453690    86.50   348.88
                                     p22               3   106.090000    60.282067    44.55   165.03
                      woodworking    p11               9   120.283333    84.062156    51.35   311.52
                                     p23               4   173.700000   131.766550   100.45   371.19
                      zenotravel     p19               8   101.248750    82.887318    39.26   244.82
                                     p20               8    96.761250    52.149923    38.48   204.71
fd1906-lmcut          barman         p13              10   602.439000    30.353367   530.66   643.69
                      blocksworld    p07              10    26.454000    44.156873     0.64   129.24
                                     p09               9   376.083333   408.640017     1.91  1053.91
                                     p10               8   257.817500   260.601458    10.01   738.02
                                     p11               3  1024.316667   292.901832   703.17  1276.76
                                     p12               6   493.820000   593.705842     9.97  1633.58
                                     p13               2    66.075000    88.635835     3.40   128.75
                                     p14               2   434.005000   479.312332    95.08   772.93
                      childsnack     p04              10   815.508000    58.712170   740.27   900.84
                      data-network   p01              10    21.419000    44.458173     0.87   143.43
                                     p02               8   314.856250   426.082480     0.95   859.10
                                     p04               5    98.470000   101.865203     6.19   254.58
                                     p05               4    59.747500    97.473355     3.01   205.06
                                     p06               6   154.803333   230.185329     1.20   467.44
                                     p08               2    68.720000    94.907872     1.61   135.83
                                     p16              10    59.810000   136.955474     0.79   428.88
                                     p17               9   366.091111   663.500604     0.93  1550.27
                                     p18              10    62.538000    89.088644     0.94   225.02
                                     p19               8   261.885000   335.962458     1.42   875.23
                                     p20               7   378.648571   582.820228     1.25  1386.46
                                     p21               5   394.038000   691.701839     7.56  1617.13
                                     p22               2   452.660000   598.184053    29.68   875.64
                                     p25               2   873.205000  1206.840357    19.84  1726.57
                      depots         p01               6   391.896667   559.824009     7.49  1296.83
                                     p02               3   130.710000   169.813986     2.58   323.32
                                     p08              10    64.334000    62.515376     1.73   205.24
                                     p09               6   755.850000   474.438093   192.14  1339.34
                                     p15              10    36.703000    50.060423     0.94   170.58
                                     p16               5   484.286000   312.977747   109.41   797.29
                                     p17               2   490.935000   583.709577    78.19   903.68
                                     p24              10    96.645000   106.643295     1.70   351.03
                                     p25               5   759.698000   649.338288   180.52  1716.20
                                     p26               6   760.890000   555.697820   225.33  1446.22
                      driverlog      p15              10    48.380000   118.670718     0.48   373.50
                                     p16              10    14.824000    34.510565     0.53   111.83
                                     p17               7    90.782857   233.973538     0.63   621.37
                                     p18               8    94.526250   120.923896     2.69   351.93
                                     p19               4   848.770000   780.581124    17.33  1799.73
                                     p20               6   176.075000   345.466467     1.14   879.07
                                     p21               6   551.101667   570.845840     2.29  1320.05
                                     p22               5   313.646000   299.889638     7.19   706.02
                                     p23               3   285.463333   268.188389     5.45   540.01
                      elevators      p02              10    26.978000    50.967744     2.84   169.12
                                     p03              10   125.145000   213.800362     8.85   712.24
                                     p04               7   391.402857   427.234510    41.88  1261.61
                                     p05               3   839.136667   611.168864   162.38  1350.80
                                     p14              10   100.651000   192.528588     2.49   644.55
                                     p16               7   485.795714   446.406014    64.62  1456.11
                                     p17               8   707.933750   560.269722    93.87  1523.96
                                     p19               2   259.295000   243.223520    87.31   431.28
                                     p21              10   259.007000   260.161715    20.60   760.74
                                     p22              10   343.142000   438.023123    15.98  1167.48
                                     p23               4   637.880000   603.626004    65.32  1393.60
                                     p24               4   717.355000   645.141054    11.50  1454.20
                      floortile      p01               4   872.452500   410.105552   496.96  1380.79
                                     p14              10    44.434000    43.963096    13.32   159.95
                                     p25              10   115.714000    74.199402    29.85   265.88
                      grid           p01              10    89.393000   138.073290     1.41   418.46
                                     p02              10    42.356000    50.428427     0.72   139.24
                                     p03              10   273.411000   559.894975     0.73  1782.75
                                     p04               9    68.152222   145.635075     0.84   435.90
                                     p05               8    52.978750    98.272449     3.22   291.18
                                     p06               5    74.650000    68.463120     1.01   186.47
                                     p08               5   287.270000   501.813467     0.99  1171.11
                                     p09               6   157.791667   352.478507     1.22   876.48
                                     p10               5   101.452000    91.315828     1.11   240.94
                                     p11               3   804.070000   765.880519   100.68  1619.99
                                     p12               3    83.210000   132.838506     1.57   236.49
                                     p13              10    49.679000    46.220241     3.22   146.28
                                     p14              10   138.629000   118.948257    12.51   403.67
                                     p15               8   420.253750   303.584352    16.15   945.57
                                     p16               8   503.217500   573.765231     1.47  1742.05
                                     p17               4   780.232500   513.300311   139.54  1320.21
                                     p19               3   923.290000   720.013854    92.50  1366.27
                                     p22               5   268.042000   317.461424     4.02   703.64
                                     p23               6   882.265000   559.107432    97.51  1646.62
                                     p24               3   215.436667   229.412506    77.07   480.25
                                     p28               4   628.705000   778.704659    61.79  1780.52
                                     p29               6   190.325000   390.011710    20.65   985.92
                                     p30               5   417.648000   547.207914     7.81  1310.47
                      logistics      p01               2   355.655000   443.249886    42.23   669.08
                                     p02               5   330.610000   245.063397   117.10   738.48
                                     p13              10    48.176000   112.049874     1.17   365.52
                                     p14              10    53.720000    80.439016     3.14   274.05
                                     p15               9   156.811111   144.589401    18.96   465.63
                                     p16               6   269.380000   242.559688    10.76   609.67
                                     p17               5   439.454000   449.363919    82.74  1142.97
                                     p18               4   631.947500   766.454629    20.00  1700.16
                                     p19               2  1012.570000   554.272722   620.64  1404.50
                      miconic-strips p01               9   173.043333   323.068118     1.00  1014.90
                                     p02              10   151.218000   197.723741     1.38   587.13
                                     p03               7   266.470000   536.994523     4.02  1473.88
                                     p04               6    92.906667   125.412671     1.33   305.20
                                     p05               9   332.060000   416.432764    11.61  1220.08
                                     p06               6   147.033333   340.820522     1.57   842.39
                                     p07               5   356.376000   481.523552     3.96   919.66
                                     p08               7    71.735714   149.608790     2.36   406.70
                                     p09               5    84.514000   171.421030     4.16   391.12
                                     p22              10    68.252000   111.665528     0.95   367.51
                                     p23               9   244.117778   430.778392     1.30  1058.95
                                     p24               9   100.791111   156.259947     1.23   472.75
                                     p25               8   453.602500   539.377122     3.34  1246.50
                                     p26               5    71.812000    85.663924     2.71   220.28
                                     p27               6   313.461667   340.492375     3.21   914.34
                                     p28               6   477.560000   451.315230     4.92  1233.19
                                     p29               4   576.070000   506.135273     8.72  1071.13
                                     p30               2  1083.940000   534.049468   706.31  1461.57
                      nomystery      p01               7   793.474286   562.961473    54.43  1608.44
                                     p02               6   832.976667   682.877260    90.05  1779.90
                                     p03               2   196.070000   114.593725   115.04   277.10
                                     p07               2   602.430000   837.935678     9.92  1194.94
                                     p15              10    34.353000    41.613614     4.14   124.12
                                     p16              10    53.232000    78.009435     4.49   223.38
                                     p17              10   223.914000   289.420301     9.43   800.51
                                     p18               8   378.675000   421.001002     2.35  1055.62
                                     p19               8   260.160000   195.546391    34.18   651.66
                                     p20               4   343.870000   225.472920    93.28   568.09
                                     p21               3   900.246667   619.199572   355.16  1573.50
                                     p23               2   860.230000   955.032561   184.92  1535.54
                      parking        p04              10    66.055000    75.911119     1.25   219.00
                                     p05               8   240.410000   402.774428     3.93   997.61
                                     p06               2   837.400000  1010.568727   122.82  1551.98
                                     p13              10   110.036000   123.946319     6.30   377.14
                                     p14               8   731.436250   501.239640   155.23  1424.56
                                     p25               7   333.761429   344.950939     3.94   902.04
                                     p26               5   295.050000   201.349726    43.45   547.75
                      rover          p14              10    48.523000   121.526679     0.55   389.56
                                     p15              10   159.056000   288.661025     0.54   900.41
                                     p16               8    91.701250   189.143178     0.65   552.62
                                     p17               3   193.333333   329.640883     0.65   573.96
                                     p21               2   205.030000   272.504811    12.34   397.72
                      satellite      p27               4   714.690000   732.145103    92.17  1564.29
                      scanalyzer     p09              10   710.336000   121.281828   598.79   937.84
                                     p10              10  1471.613000   112.541186  1256.99  1602.20
                                     p25              10   355.706000    44.205923   275.06   412.26
                                     p26              10   766.782000    86.359706   651.22   877.05
                      snake          p01               5  1131.466000   339.863184   585.54  1508.63
                                     p02               4  1308.015000   277.124070   925.16  1587.15
                                     p16              10   184.625000   100.459797    43.91   346.53
                                     p17               8   883.908750   293.762670   536.50  1253.99
                                     p24              10   660.080000   393.041903   179.95  1407.14
                                     p25               6  1240.250000   204.463419   985.47  1600.45
                      storage        p02               5    68.002000    60.645923    22.84   135.33
                                     p03               3    77.156667    84.968383    26.91   175.26
                                     p04               4   136.530000   118.183630    33.81   240.86
                                     p07              10   137.241000   276.781173     0.69   880.74
                                     p08               8   195.791250   214.238843     0.81   529.30
                                     p09               8   315.223750   501.217152     0.79  1494.63
                                     p10               5   510.670000   691.248143     0.91  1282.91
                                     p13               2   538.240000   756.632540     3.22  1073.26
                                     p16              10    36.488000    32.899040     7.89   116.94
                                     p17               3   739.623333   419.642736   267.29  1069.47
                                     p24              10    92.082000   175.322787     1.55   589.53
                                     p25               3   191.246667    78.179948   144.43   281.50
                      tpp            p05               9   317.390000   337.076416     0.96   826.31
                                     p06               4   503.005000   641.623963    25.47  1448.88
                      transport      p04              10   415.493000   231.669106   100.29   771.10
                      visitall       p03              10    82.189000   227.618940     0.73   727.23
                                     p04              10    23.431000    51.384541     0.97   168.20
                                     p05               9   104.414444   130.234372     1.45   356.80
                                     p06              10   181.772000   273.245449     2.75   862.91
                                     p07               7   488.734286   584.210684    28.71  1661.35
                                     p08               8   562.000000   509.806520    67.71  1286.85
                                     p09               3   428.266667   426.624591    59.39   895.47
                                     p11               3   586.513333   277.937085   421.82   907.41
                                     p20              10    25.051000    50.389440     1.87   167.76
                                     p21              10   273.732000   313.644166    11.44   896.92
                                     p22               7   363.892857   350.421746     6.20  1032.20
                                     p23               3   686.540000   644.345494   193.46  1415.61
                                     p24               5  1183.710000   483.086192   511.84  1650.75
                      woodworking    p01               3   741.326667   592.070830   260.74  1402.72
                                     p02               2   409.755000   130.821826   317.25   502.26
                                     p11               9    69.668889   162.290029     1.08   498.87
                                     p12               5   429.136000   442.026804     4.82   972.97
                                     p19               3   708.253333   824.125720   213.99  1659.63
                                     p20               3   299.140000   291.336312    16.91   598.80
                                     p23               6   871.988333   650.812226   107.48  1779.07
                                     p24               3   364.416667   163.744263   183.48   502.41
                                     p25               2  1129.975000   804.298608   561.25  1698.70
                      zenotravel     p16              10    78.843000   183.561966     0.83   593.07
                                     p17              10   147.144000   316.191856     1.75  1018.48
                                     p18              10   269.362000   316.961562     8.68   942.20
                                     p19               5   402.540000   550.864129    29.55  1339.48
                                     p20               6   747.681667   676.462736     3.38  1752.89
                                     p21               2   129.700000   112.500689    50.15   209.25
ipc2014-opt-symba1    barman         p15               9   402.480000    42.611399   326.62   467.41
                                     p19              10    36.607000    31.500235    18.67   124.53
                                     p26              10    93.739000    85.279078    36.96   329.76
                      blocksworld    p09              10   238.293000   472.389406    22.64  1568.20
                                     p10               6   237.580000   127.502109    88.91   366.66
                                     p12               3   950.726667   662.408312   416.78  1692.00
                      childsnack     p07              10   149.413000    98.134246    66.45   321.81
                                     p08               5   383.450000    43.897054   333.92   450.69
                                     p16               7    60.578571    93.320134    15.84   271.60
                      data-network   p02              10   114.586000   250.145948     2.89   780.39
                                     p03              10   104.866000   216.126681     3.00   639.67
                                     p04               7   141.662857   172.873185    10.34   514.15
                                     p05               7   365.334286   413.008588     3.72  1065.79
                                     p06               3   208.616667   194.955446     4.80   393.30
                                     p07               2   561.505000   368.395562   301.01   822.00
                                     p18              10    45.442000    57.494394     2.96   188.12
                                     p19               8   164.222500   108.569819    32.09   364.05
                                     p20               6   532.491667   777.464658     6.67  1764.83
                                     p22               2   590.155000   550.164431   201.13   979.18
                                     p25               2   472.905000   623.166135    32.26   913.55
                      depots         p01               6   507.275000   702.145456     5.16  1585.85
                                     p02               3   573.583333   863.904615    64.29  1571.06
                                     p09               7   259.867143   129.913638   134.62   455.13
                                     p16               7   422.601429   446.095170    18.21  1383.19
                                     p17               2   235.145000   279.993072    37.16   433.13
                                     p25               8   255.502500   112.870445    40.31   429.20
                                     p26               2  1095.755000   905.259314   455.64  1735.87
                      driverlog      p01               8    94.285000    87.706671    19.16   258.91
                                     p02               8   156.562500   121.585780    42.88   347.47
                                     p03               3   124.676667   180.182083    19.68   332.73
                                     p04               5   138.730000    71.040132    22.41   212.58
                                     p07               3   505.613333   143.108198   410.63   670.21
                                     p08               2  1040.770000  1036.222561   308.05  1773.49
                                     p19              10    65.759000    50.863335    24.90   197.60
                                     p20              10   141.163000   172.985146     2.16   597.96
                                     p21               8   185.087500   188.160855    11.12   580.37
                                     p22               7   162.422857   143.649148    13.46   389.99
                                     p23               6   289.313333   520.786508    27.96  1346.72
                                     p26               2   306.285000    74.267425   253.77   358.80
                      elevators      p05              10    24.386000    34.719694     3.66   119.73
                                     p06               8   295.530000   227.278129   117.70   753.27
                                     p07               3   169.716667   119.023487    64.90   299.11
                                     p08               3  1170.646667   919.116695   110.06  1734.74
                                     p17              10   102.419000   130.630493    11.96   428.60
                                     p18               7   317.188571   188.333319    37.53   634.85
                                     p19               5   254.692000   158.739175    56.97   417.62
                                     p23              10   301.120000   251.493475    32.06   789.70
                                     p24               8   335.685000   253.262510    10.14   665.75
                      grid           p07              10    49.484000    96.826966     2.48   281.78
                                     p10              10    80.930000   111.799826     3.68   322.05
                                     p11              10    44.117000    41.289417     8.38   123.97
                                     p12              10   216.847000   286.626635     5.06   815.94
                                     p18              10    45.241000    63.183094     3.72   207.54
                                     p20              10   109.513000   153.793307     2.12   490.88
                                     p21               9    88.705556   134.667392     6.12   433.74
                                     p23              10    33.919000    58.134212     5.48   195.35
                                     p25               9   189.381111   349.217585     8.91  1103.21
                                     p26               7    65.964286    92.552363     6.56   247.75
                                     p30              10    25.039000    50.407271     2.27   166.45
                      logistics      p12              10    22.789000    31.691045     1.88   107.72
                                     p13               7   576.770000   447.524628    10.41  1231.54
                      miconic-strips p19              10   138.196000    84.168375    48.12   340.64
                                     p20               8   168.932500   139.060097    93.95   505.24
                                     p21               5   396.154000   228.412326   214.81   680.34
                      nomystery      p02              10   110.050000    85.643790    34.32   246.00
                                     p03               7   715.924286   537.987974   125.68  1649.19
                                     p04               6   597.815000   386.384651    73.18  1070.60
                                     p05               4   537.985000    92.890561   441.76   621.80
                                     p06               3   563.186667   231.582249   383.16   824.44
                                     p07               4   818.252500   619.950902   357.52  1731.28
                                     p18               9   106.281111    99.892285    31.66   353.68
                                     p19               5   550.650000   147.571460   405.36   739.61
                                     p27               4   644.460000   174.137240   502.04   868.15
                                     p28               3   481.743333   123.042356   339.90   559.72
                                     p29               5   574.114000   112.449704   449.21   680.87
                      openstacks     p16              10   576.649000   485.423719   108.81  1148.88
                                     p19              10  1051.100000   113.353485   897.25  1245.03
                                     p21               4  1717.192500    76.709087  1613.56  1798.64
                                     p25              10   878.015000    57.981999   801.30  1002.86
                      parking        p05               6   133.655000    86.696332    51.64   250.70
                                     p13              10   260.346000   152.791930    58.49   468.30
                                     p25               2   830.595000  1042.409746    93.50  1567.69
                      rover          p01              10    52.661000   134.590365     4.99   435.43
                                     p03              10   131.952000   201.047440     4.47   572.92
                                     p04              10    63.060000   102.903366     2.46   307.27
                                     p05              10   178.809000   388.560302     3.16  1249.34
                                     p06               6   185.321667   290.968839     7.32   733.47
                                     p07               7   225.390000   360.309298     6.23   959.53
                                     p08               9   160.480000   322.608197     3.96   990.69
                                     p09               9    75.131111   126.793119     2.53   392.60
                                     p11               5   136.186000   229.129929     7.40   540.31
                                     p12               7    46.747143    86.659423     2.01   239.79
                                     p13               5   142.620000   144.699842     2.27   337.87
                                     p22              10   124.376000   275.165254     1.90   840.62
                                     p23               9    22.111111    38.461813     1.61   122.72
                                     p24               9    49.544444    87.784285     1.72   253.94
                                     p25               8    27.356250    51.551536     1.93   147.46
                                     p26               8    42.727500    61.549732     4.90   187.33
                                     p28               5    90.206000   167.120496     3.56   388.42
                                     p30               9   387.444444   534.612784    13.70  1761.46
                      satellite      p12              10    59.375000    33.630527    11.14   114.53
                                     p13              10    94.322000    67.068723    33.85   273.88
                                     p14              10   139.539000    61.285054    80.56   270.33
                                     p15              10   340.487000   194.933278    92.52   771.24
                                     p24               9   106.667778   150.318049     6.99   479.45
                                     p25               5   251.776000   152.595184    69.05   434.83
                                     p26               3   554.906667   260.549906   259.52   752.06
                                     p27               4   194.720000   127.603526   103.59   374.72
                                     p28               3   572.140000   126.330536   426.35   649.32
                                     p29               3   396.206667   437.848859    49.15   888.13
                                     p30               5   296.692000   235.426448    20.75   570.60
                      snake          p16               8   330.686250   234.738604   141.85   889.82
                                     p24               4   522.840000   469.389544   204.72  1220.98
                      storage        p07               9   281.043333   515.106079    12.63  1620.32
                                     p08               3  1071.996667   149.768666   907.53  1200.53
                                     p09               2   926.815000   787.271477   370.13  1483.50
                                     p16               6   870.328333   591.924280   262.53  1754.62
                                     p24               9   243.706667   191.909768   102.10   662.19
                      tpp            p13              10    59.334000    60.494391    17.56   213.63
                                     p14               7   503.808571   455.381366   112.04  1409.31
                                     p15               8   521.671250   715.736403    58.78  1783.21
                                     p20              10   143.695000   136.311694    24.07   420.23
                      transport      p13              10   113.539000    70.730526    44.33   301.46
                                     p14              10   241.637000   120.786587   108.95   476.60
                                     p15              10   320.398000   187.103395    97.76   716.83
                                     p16              10   346.649000   135.662822   163.41   553.73
                                     p17              10   598.394000   418.971712   190.10  1384.82
                                     p18               7  1025.000000   422.095982   593.56  1633.14
                                     p19               5  1012.222000   525.295132   315.74  1749.02
                                     p20               7  1387.334286   190.539804  1110.35  1605.62
                                     p21               5  1523.974000   168.601477  1248.62  1687.32
                                     p22               2  1179.000000   541.799358   795.89  1562.11
                                     p23              10   308.670000   167.936299   138.29   645.62
                                     p24              10   405.237000   162.786671   241.30   687.55
                                     p25              10   502.668000   245.154063   157.91  1058.80
                                     p26               9   526.788889   222.766584   213.46   866.34
                                     p27               6  1165.021667   260.815192   911.85  1525.78
                                     p28               4  1244.660000   457.070364   766.62  1726.86
                                     p29               2  1658.895000   182.483047  1529.86  1787.93
                      visitall       p07              10   238.374000   392.690318     4.32  1270.26
                                     p08              10    72.227000    55.005734     9.17   147.03
                                     p09               8   270.191250   232.283611    28.93   597.92
                                     p10               8   837.442500   502.741552   108.71  1650.42
                                     p11               8   558.233750   490.632716    55.70  1341.63
                                     p12               3   874.706667   341.102563   486.65  1127.13
                                     p22              10    52.788000    58.987052     5.77   204.18
                                     p23              10   114.763000    60.004899    30.58   226.27
                                     p24               8   258.122500   281.293529    35.31   795.18
                                     p25               6   427.710000   165.195814   180.17   687.04
                      woodworking    p02              10   146.704000   191.037957     8.87   651.30
                                     p03               8   116.450000   128.241662    33.89   336.91
                                     p04               2   527.850000    79.690934   471.50   584.20
                                     p12              10    43.562000    67.792905    11.77   224.66
                                     p13               8   245.450000   265.841814    29.90   724.73
                                     p14               7   199.947143   165.686631    51.13   499.92
                                     p19              10    86.324000   156.253021     7.77   522.55
                                     p20               7   206.252857   217.044805    23.37   679.07
                                     p21               6   633.433333   595.913930   144.53  1796.39
                                     p24               9    68.696667    92.583353     7.03   285.31
                                     p25               5   280.524000   335.252928    21.75   806.42
                                     p26               3   410.433333   212.975868   185.82   609.46
                                     p27               2   493.335000   206.892373   347.04   639.63
                                     p28               2  1192.935000   790.255468   634.14  1751.73
                      zenotravel     p01               6   464.328333   558.845187    64.68  1440.25
                                     p19               7   202.494286   154.242325    22.76   455.08
                                     p20               5   182.956000   231.476312    21.65   580.27